28.8447 0 -27.3121 0 0 0
28.8867 -0.00499257 -25.9302 0 0 0
28.9086 -0.0163338 -24.5426 0 0 0
28.908 -0.0336045 -23.1658 0 0 0
28.8839 -0.0561002 -21.7726 0 0 0
28.8374 -0.0814384 -20.3885 0 0 0
28.7723 -0.106548 -19.029 0 0 0
28.6937 -0.128452 -17.6978 0 0 0
28.6041 -0.144203 -16.3568 0 0 0
28.5098 -0.150723 -15.0064 0 0 0
28.4139 -0.145728 -13.6097 0 0 0
28.3255 -0.127526 -12.2282 0 0 0
28.2465 -0.0957706 -10.8414 0 0 0
28.1794 -0.0514785 -9.46413 0 0 0
28.1233 0.00336219 -8.07476 0 0 0
28.0791 0.0525551 -6.68361 0 0 0
28.0383 0.0903738 -5.29378 0 0 0
28.0005 0.115833 -3.88287 0 0 0
27.97 0.12595 -2.55155 0 0 0
27.9407 0.134281 -1.19316 0 0 0
27.9131 0.141919 0.178241 0 0 0
27.8857 0.158582 1.60329 0 0 0
27.8579 0.19349 2.99769 0 0 0
27.828 0.251552 4.39425 0 0 0
27.7952 0.337216 5.77937 0 0 0
27.7569 0.464312 7.18462 0 0 0
27.713 0.636596 8.52682 0 0 0
27.6622 0.85236 9.89611 0 0 0
27.6049 1.10947 11.2741 0 0 0
27.5385 1.42481 12.6331 0 0 0
27.4657 1.77945 13.9752 0 0 0
27.3898 2.15566 15.2966 0 0 0
27.3205 2.5764 16.5984 0 0 0
27.2569 3.00725 17.8947 0 0 0
27.2062 3.47468 19.2114 0 0 0
27.1644 3.97617 20.5285 0 0 0
27.1274 4.50401 21.846 0 0 0
27.0959 5.04879 23.0959 0 0 0
27.0598 5.65005 24.3746 0 0 0
27.0177 6.28213 25.6375 0 0 0
26.9654 6.94813 26.8777 0 0 0
26.8903 7.65513 28.0795 0 0 0
26.7936 8.40176 29.2793 0 0 0
26.6759 9.17015 30.4505 0 0 0
26.5268 9.95192 31.562 0 0 0
26.3424 10.778 32.6822 0 0 0
26.1338 11.6218 33.789 0 0 0
25.887 12.4785 34.8587 0 0 0
25.6173 13.3307 35.8938 0 0 0
25.3267 14.1906 36.9168 0 0 0
25.0239 15.108 37.9387 0 0 0
24.7202 16.0465 38.9601 0 0 0
24.4574 16.9909 39.8888 0 0 0
24.1932 17.9752 40.8198 0 0 0
23.9325 19.0087 41.7351 0 0 0
23.6711 20.054 42.5967 0 0 0
23.4056 21.1049 43.4311 0 0 0
23.1021 22.2323 44.2646 0 0 0
22.7699 23.3478 45.0516 0 0 0
22.4071 24.4681 45.8155 0 0 0
21.986 25.5795 46.5395 0 0 0
21.5025 26.6715 47.2334 0 0 0
20.9618 27.7623 47.9167 0 0 0
20.3308 28.8277 48.5765 0 0 0
19.6324 29.8282 49.1999 0 0 0
18.897 30.7891 49.8026 0 0 0
18.0174 31.7302 50.4112 0 0 0
17.0956 32.6109 50.9976 0 0 0
16.1189 33.4468 51.5714 0 0 0
15.1199 34.1925 52.093 0 0 0
14.0711 34.8835 52.5714 0 0 0
12.9756 35.5144 52.9957 0 0 0
11.8078 36.0882 53.3677 0 0 0
10.5797 36.5899 53.6779 0 0 0
9.32398 37.0069 53.9208 0 0 0
7.99067 37.3566 54.1088 0 0 0
6.67995 37.6231 54.2381 0 0 0
5.32543 37.8313 54.3258 0 0 0
3.99567 37.9834 54.3786 0 0 0
2.60261 38.0961 54.407 0 0 0
1.23356 38.1731 54.4189 0 0 0
-0.132666 38.2282 54.4236 0 0 0
-1.49524 38.2673 54.4203 0 0 0
-2.87248 38.2836 54.3985 0 0 0
-4.23584 38.2658 54.3488 0 0 0
-5.6102 38.1992 54.2626 0 0 0
-6.93551 38.0723 54.1371 0 0 0
-8.27612 37.8543 53.9538 0 0 0
-9.58762 37.5429 53.7164 0 0 0
-10.8501 37.1404 53.4298 0 0 0
-12.0625 36.6496 53.0981 0 0 0
-13.2199 36.0806 52.7288 0 0 0
-14.3508 35.4293 52.32 0 0 0
-15.4458 34.685 51.8961 0 0 0
-16.5423 33.9105 51.4663 0 0 0
-17.5892 33.0276 51.0458 0 0 0
-18.621 32.1135 50.6263 0 0 0
-19.5336 31.1611 50.2323 0 0 0
-20.4089 30.185 49.8378 0 0 0
-21.2103 29.1908 49.4499 0 0 0
-21.9947 28.1115 49.0278 0 0 0
-22.7569 26.9988 48.5908 0 0 0
-23.446 25.8552 48.1157 0 0 0
-24.1057 24.7058 47.6141 0 0 0
-24.7258 23.558 47.0848 0 0 0
-25.312 22.4 46.4835 0 0 0
-25.8701 21.2744 45.8635 0 0 0
-26.3806 20.2136 45.2038 0 0 0
-26.8839 19.1701 44.4913 0 0 0
-27.3877 18.1277 43.718 0 0 0
-27.896 17.1152 42.8475 0 0 0
-28.4097 16.1066 41.9384 0 0 0
-28.9037 15.2195 40.9737 0 0 0
-29.3973 14.3335 39.9954 0 0 0
-29.862 13.5012 38.9896 0 0 0
-30.3261 12.6647 37.9769 0 0 0
-30.7244 11.8643 36.9825 0 0 0
-31.1256 11.0578 35.9805 0 0 0
-31.4981 10.2188 34.8836 0 0 0
-31.8618 9.39015 33.7921 0 0 0
-32.1683 8.60973 32.6863 0 0 0
-32.461 7.84851 31.5858 0 0 0
-32.7062 7.13952 30.4639 0 0 0
-32.9379 6.44368 29.3125 0 0 0
-33.1432 5.76133 28.0605 0 0 0
-33.3161 5.13707 26.7859 0 0 0
-33.4658 4.55034 25.4763 0 0 0
-33.5689 4.06832 24.1345 0 0 0
-33.6578 3.61891 22.7669 0 0 0
-33.7037 3.28635 21.358 0 0 0
-33.7309 3.01997 19.9611 0 0 0
-33.7322 2.84784 18.6052 0 0 0
-33.713 2.75578 17.1974 0 0 0
-33.6774 2.72831 15.7566 0 0 0
-33.6239 2.802 14.3645 0 0 0
-33.5618 2.92084 12.978 0 0 0
-33.4736 3.10643 11.6123 0 0 0
-33.3495 3.3589 10.2546 0 0 0
-33.187 3.66408 8.9323 0 0 0
-32.9781 4.04654 7.64566 0 0 0
-32.7266 4.51599 6.35918 0 0 0
-32.4408 5.06822 5.1093 0 0 0
-32.1326 5.69276 3.94082 0 0 0
-31.7986 6.40992 2.83561 0 0 0
-31.4346 7.24907 1.78958 0 0 0
-31.0571 8.20695 0.87205 0 0 0
-30.6774 9.27141 0.0936178 0 0 0
-30.305 10.4342 -0.532456 0 0 0
-29.9525 11.6711 -0.990748 0 0 0
-29.6327 12.9385 -1.28089 0 0 0
-29.3422 14.2461 -1.42606 0 0 0
-29.108 15.5636 -1.39795 0 0 0
-28.9222 16.9283 -1.21899 0 0 0
-28.7861 18.2699 -0.905308 0 0 0
-28.6954 19.5791 -0.458892 0 0 0
-28.6491 20.8202 0.122822 0 0 0
-28.6379 21.9916 0.848918 0 0 0
-28.646 23.0812 1.67217 0 0 0
-28.6674 24.0984 2.5984 0 0 0
-28.6954 25.0212 3.60724 0 0 0
-28.7198 25.8194 4.73123 0 0 0
-28.7302 26.4992 5.93048 0 0 0
-28.7205 27.0561 7.18373 0 0 0
-28.6842 27.491 8.50352 0 0 0
-28.6107 27.7742 9.86823 0 0 0
-28.4879 27.8681 11.2119 0 0 0
-28.3479 27.8297 12.5813 0 0 0
-28.2001 27.6598 13.9878 0 0 0
-28.0745 27.3264 15.358 0 0 0
-27.9634 26.8412 16.6936 0 0 0
-27.8621 26.2522 17.974 0 0 0
-27.7673 25.5551 19.2122 0 0 0
-27.6784 24.7277 20.3466 0 0 0
-27.5878 23.8035 21.4006 0 0 0
-27.4949 22.8115 22.3595 0 0 0
-27.3959 21.7384 23.2255 0 0 0
-27.2825 20.5762 23.9232 0 0 0
-27.1543 19.3541 24.5007 0 0 0
-27.0051 18.0493 24.9506 0 0 0
-26.8315 16.6792 25.2394 0 0 0
-26.6327 15.3476 25.2707 0 0 0
-26.4092 14.0153 25.1328 0 0 0
-26.1682 12.69 24.8257 0 0 0
-25.9298 11.446 24.3261 0 0 0
-25.6897 10.1926 23.8227 0 0 0
-25.4612 8.98553 23.2283 0 0 0
-25.2524 7.84969 22.4227 0 0 0
-25.0451 6.72227 21.6231 0 0 0
-24.8765 5.78323 20.6644 0 0 0
-24.7226 4.91667 19.6618 0 0 0
-24.5751 4.08576 18.6189 0 0 0
-24.4617 3.44172 17.4302 0 0 0
-24.349 2.80245 16.2503 0 0 0
-24.254 2.27938 14.967 0 0 0
-24.1708 1.83396 13.6356 0 0 0
-24.088 1.39402 12.2871 0 0 0
-24.0223 1.10891 10.8296 0 0 0
-23.9562 0.821656 9.36115 0 0 0
-23.897 0.607887 7.95006 0 0 0
-23.8441 0.468347 6.5767 0 0 0
-23.7916 0.329845 5.21356 0 0 0
-23.7356 0.235737 3.80382 0 0 0
-23.6776 0.178897 2.37536 0 0 0
-23.6191 0.121626 0.936054 0 0 0
-23.5507 0.097171 -0.530111 0 0 0
-23.4767 0.0926757 -2.00152 0 0 0
-23.4022 0.0881465 -3.48403 0 0 0
-23.3101 0.0995409 -4.96966 0 0 0
-23.209 0.11822 -6.47284 0 0 0
-23.1087 0.13676 -7.96482 0 0 0
-22.9797 0.150667 -9.46654 0 0 0
-22.8426 0.16293 -10.9566 0 0 0
-22.7045 0.175286 -12.4578 0 0 0
-22.5286 0.158251 -13.9278 0 0 0
-22.3429 0.134751 -15.4045 0 0 0
-22.1586 0.111426 -16.8702 0 0 0
-21.9931 0.094807 -18.3111 0 0 0
-21.8314 0.0791847 -19.7364 0 0 0
-21.7185 0.105067 -21.142 0 0 0
-21.6379 0.157926 -22.528 0 0 0
-21.5756 0.231385 -23.8881 0 0 0
-21.5488 0.348623 -25.2266 0 0 0
-21.5233 0.468757 -26.5606 0 0 0
-21.5215 0.665869 -27.9979 0 0 0
-21.5196 0.861506 -29.4244 0 0 0
-21.5138 1.12034 -30.8148 0 0 0
-21.5081 1.37767 -32.1945 0 0 0
-21.4686 1.69093 -33.5428 0 0 0
-21.4274 2.0053 -34.8784 0 0 0
-21.3258 2.36883 -36.1873 0 0 0
-21.2174 2.73558 -37.4816 0 0 0
-21.0254 3.14517 -38.7534 0 0 0
-20.8167 3.56278 -40.0187 0 0 0
-20.5073 4.01111 -41.2464 0 0 0
-20.1674 4.47213 -42.4757 0 0 0
-19.7114 4.95783 -43.6717 0 0 0
-19.2084 5.45755 -44.8678 0 0 0
-18.5779 5.97648 -46.0344 0 0 0
-17.8799 6.51023 -47.2001 0 0 0
-17.1038 7.02331 -48.2694 0 0 0
-16.2715 7.5301 -49.2936 0 0 0
-15.4163 8.02614 -50.274 0 0 0
-14.4981 8.51245 -51.1915 0 0 0
-13.5656 8.99057 -52.0596 0 0 0
-12.6026 9.46724 -52.887 0 0 0
-11.5674 9.96066 -53.6882 0 0 0
-10.4731 10.4709 -54.4826 0 0 0
-9.34393 10.9731 -55.1705 0 0 0
-8.21299 11.4692 -55.8175 0 0 0
-7.04618 11.9623 -56.3653 0 0 0
-5.87437 12.4483 -56.8432 0 0 0
-4.67881 12.934 -57.2527 0 0 0
-3.39671 13.4415 -57.5625 0 0 0
-2.07198 13.9594 -57.813 0 0 0
-0.740798 14.4683 -57.9235 0 0 0
0.609428 14.9778 -57.924 0 0 0
1.95245 15.48 -57.8489 0 0 0
3.21285 15.944 -57.605 0 0 0
4.46504 16.4034 -57.3037 0 0 0
5.72911 16.864 -56.8715 0 0 0
6.92878 17.2998 -56.35 0 0 0
8.07766 17.7163 -55.7762 0 0 0
9.18834 18.1074 -55.09 0 0 0
10.274 18.4856 -54.372 0 0 0
11.3589 18.8419 -53.5198 0 0 0
12.4321 19.1847 -52.616 0 0 0
13.4092 19.4735 -51.62 0 0 0
14.3567 19.748 -50.6132 0 0 0
15.186 19.9633 -49.5102 0 0 0
15.9912 20.1689 -48.4042 0 0 0
16.6786 20.3221 -47.2156 0 0 0
17.3299 20.4621 -46.0202 0 0 0
17.8766 20.5607 -44.7611 0 0 0
18.368 20.6411 -43.4904 0 0 0
18.7694 20.69 -42.1719 0 0 0
19.0969 20.7168 -40.8297 0 0 0
19.3465 20.7207 -39.4732 0 0 0
19.5012 20.6996 -38.0832 0 0 0
19.5973 20.6638 -36.69 0 0 0
19.5733 20.6009 -35.2664 0 0 0
19.5113 20.5299 -33.8473 0 0 0
19.3026 20.4313 -32.4043 0 0 0
19.0746 20.3297 -30.9733 0 0 0
18.7155 20.2136 -29.6566 0 0 0
18.359 20.0983 -28.3497 0 0 0
17.8369 19.9508 -27.0086 0 0 0
17.2664 19.7924 -25.7183 0 0 0
16.6175 19.6157 -24.482 0 0 0
15.876 19.4173 -23.3365 0 0 0
15.0947 19.2096 -22.2473 0 0 0
14.2277 18.9812 -21.2392 0 0 0
13.2557 18.7266 -20.2744 0 0 0
12.2004 18.451 -19.3482 0 0 0
11.0777 18.1588 -18.5401 0 0 0
9.88517 17.8487 -17.8312 0 0 0
8.65918 17.5299 -17.2063 0 0 0
7.36808 17.194 -16.6893 0 0 0
6.11067 16.8662 -16.3209 0 0 0
4.83939 16.5342 -16.0204 0 0 0
3.53659 16.1929 -15.8416 0 0 0
2.19629 15.8405 -15.762 0 0 0
0.848212 15.4851 -15.7493 0 0 0
-0.54325 15.1159 -15.893 0 0 0
-1.88779 14.7664 -16.1047 0 0 0
-3.17134 14.4411 -16.3888 0 0 0
-4.49658 14.1324 -16.829 0 0 0
-5.78293 13.8453 -17.3435 0 0 0
-7.03527 13.5787 -17.9418 0 0 0
-8.1921 13.3463 -18.6612 0 0 0
-9.30338 13.1266 -19.4511 0 0 0
-10.3516 12.9226 -20.299 0 0 0
-11.2951 12.7369 -21.2623 0 0 0
-12.1591 12.5603 -22.2762 0 0 0
-12.9593 12.3893 -23.3518 0 0 0
-13.6262 12.2261 -24.5032 0 0 0
-14.2002 12.0623 -25.7164 0 0 0
-14.6882 11.8978 -26.9736 0 0 0
-15.0336 11.73 -28.2832 0 0 0
-15.2543 11.5523 -29.6487 0 0 0
-15.3747 11.3714 -31.0128 0 0 0
-15.3482 11.1858 -32.3515 0 0 0
-15.1957 11.0157 -33.7107 0 0 0
-14.8962 10.8857 -35.051 0 0 0
-14.4556 10.8118 -36.3186 0 0 0
-13.8466 10.786 -37.5602 0 0 0
-13.101 10.8018 -38.6952 0 0 0
-12.2126 10.8458 -39.7335 0 0 0
-11.2199 10.9009 -40.6689 0 0 0
-10.1191 10.9558 -41.5151 0 0 0
-8.97241 10.9967 -42.2381 0 0 0
-7.77575 11.0155 -42.8602 0 0 0
-6.5177 11.0036 -43.3952 0 0 0
-5.21105 10.9468 -43.831 0 0 0
-3.84603 10.8277 -44.1687 0 0 0
-2.51719 10.6534 -44.4068 0 0 0
-1.16755 10.4279 -44.5575 0 0 0
0.197555 10.1567 -44.5909 0 0 0
1.55439 9.85573 -44.4754 0 0 0
2.87151 9.53092 -44.203 0 0 0
4.12141 9.19123 -43.7833 0 0 0
5.29593 8.84329 -43.2341 0 0 0
6.42261 8.48336 -42.5574 0 0 0
7.49158 8.1196 -41.7777 0 0 0
8.48488 7.76442 -40.936 0 0 0
9.45305 7.40455 -40.0068 0 0 0
10.3548 7.0617 -39.0615 0 0 0
11.2539 6.71649 -38.0587 0 0 0
12.1171 6.38546 -37.0535 0 0 0
12.9624 6.05554 -36.0163 0 0 0
13.7914 5.72332 -34.95 0 0 0
14.5923 5.38195 -33.8313 0 0 0
15.3602 5.03769 -32.685 0 0 0
16.0311 4.70675 -31.5364 0 0 0
16.6701 4.38031 -30.3843 0 0 0
17.2603 4.0461 -29.1388 0 0 0
17.7916 3.7263 -27.8954 0 0 0
18.2827 3.41378 -26.6369 0 0 0
18.6902 3.1252 -25.3651 0 0 0
19.0726 2.84406 -24.0697 0 0 0
19.4151 2.57681 -22.7538 0 0 0
19.7147 2.33072 -21.4116 0 0 0
19.9958 2.09624 -20.0601 0 0 0
20.2368 1.89287 -18.7488 0 0 0
20.4699 1.70177 -17.403 0 0 0
20.6932 1.52341 -16.0464 0 0 0
20.9034 1.37369 -14.7168 0 0 0
21.1089 1.23115 -13.4059 0 0 0
21.3291 1.1094 -12.0177 0 0 0
21.5484 0.991731 -10.6385 0 0 0
21.7714 0.895158 -9.25581 0 0 0
21.9926 0.800303 -7.88042 0 0 0
22.2145 0.722592 -6.43933 0 0 0
22.4306 0.65041 -5.01069 0 0 0
22.6208 0.601743 -3.64464 0 0 0
22.8047 0.561512 -2.24582 0 0 0
22.9716 0.539651 -0.809502 0 0 0
23.1102 0.53702 0.614373 0 0 0
23.229 0.546566 2.01308 0 0 0
23.2983 0.584842 3.40288 0 0 0
23.3494 0.631996 4.7792 0 0 0
23.3492 0.705435 6.16174 0 0 0
23.315 0.793639 7.53926 0 0 0
23.2434 0.899251 8.93299 0 0 0
23.1118 1.02879 10.3374 0 0 0
22.9571 1.16782 11.7541 0 0 0
22.7409 1.32295 13.0873 0 0 0
22.5065 1.48497 14.4411 0 0 0
22.2021 1.67125 15.8397 0 0 0
21.8814 1.85945 17.2069 0 0 0
21.5195 2.0562 18.5423 0 0 0
21.1471 2.2614 19.8721 0 0 0
20.736 2.49512 21.2249 0 0 0
20.3259 2.74656 22.523 0 0 0
19.911 3.01514 23.7959 0 0 0
19.455 3.32626 25.0809 0 0 0
18.9792 3.65379 26.3596 0 0 0
18.4841 3.99546 27.5755 0 0 0
17.9254 4.36939 28.8153 0 0 0
17.3298 4.75583 30.0384 0 0 0
16.6805 5.15192 31.2199 0 0 0
15.9772 5.54558 32.3487 0 0 0
15.2226 5.94023 33.4567 0 0 0
14.4021 6.32971 34.5284 0 0 0
13.4992 6.7037 35.5555 0 0 0
12.5542 7.06029 36.5433 0 0 0
11.5859 7.38368 37.4554 0 0 0
10.5375 7.67968 38.3309 0 0 0
9.4659 7.95785 39.1777 0 0 0
8.31745 8.19812 39.9798 0 0 0
7.18496 8.41878 40.7368 0 0 0
6.03079 8.61482 41.4352 0 0 0
4.83263 8.79872 42.0876 0 0 0
3.60106 8.96156 42.6671 0 0 0
2.33667 9.09571 43.1522 0 0 0
1.04046 9.19185 43.5166 0 0 0
-0.310061 9.23751 43.7263 0 0 0
-1.6868 9.22742 43.7673 0 0 0
-3.05151 9.15724 43.6274 0 0 0
-4.36475 9.02953 43.3149 0 0 0
-5.64866 8.84521 42.8356 0 0 0
-6.83589 8.60823 42.228 0 0 0
-7.98296 8.33679 41.547 0 0 0
-9.06299 8.02757 40.7885 0 0 0
-10.0577 7.65752 39.892 0 0 0
-10.9278 7.26521 38.9368 0 0 0
-11.7037 6.85068 37.9149 0 0 0
-12.3815 6.42377 36.8432 0 0 0
-12.9711 5.98107 35.7011 0 0 0
-13.466 5.53504 34.4992 0 0 0
-13.9017 5.09006 33.2494 0 0 0
-14.2766 4.66167 31.9907 0 0 0
-14.6025 4.25006 30.7203 0 0 0
-14.8881 3.8549 29.3923 0 0 0
-15.1452 3.49281 28.0937 0 0 0
-15.3865 3.15193 26.7932 0 0 0
-15.6198 2.84003 25.4599 0 0 0
-15.8366 2.54183 24.0993 0 0 0
-16.0427 2.25388 22.7403 0 0 0
-16.2438 1.96548 21.3715 0 0 0
-16.3851 1.69385 20.0137 0 0 0
-16.5276 1.42003 18.6449 0 0 0
-16.6234 1.15655 17.2615 0 0 0
-16.6953 0.89554 15.8542 0 0 0
-16.737 0.648305 14.4747 0 0 0
-16.728 0.419567 13.1146 0 0 0
-16.7117 0.194454 11.762 0 0 0
-16.6171 -0.0120954 10.37 0 0 0
-16.5227 -0.218495 8.979 0 0 0
-16.3416 -0.402396 7.54457 0 0 0
-16.1515 -0.585809 6.09463 0 0 0
-15.8853 -0.73788 4.66321 0 0 0
-15.6049 -0.886387 3.2223 0 0 0
-15.2838 -0.99674 1.90433 0 0 0
-14.9502 -1.09926 0.602679 0 0 0
-14.5764 -1.18482 -0.698669 0 0 0
-14.1614 -1.25649 -2.01824 0 0 0
-13.7297 -1.32015 -3.33546 0 0 0
-13.2334 -1.36124 -4.68577 0 0 0
-12.7407 -1.40203 -6.02605 0 0 0
-12.2032 -1.41322 -7.32843 0 0 0
-11.6684 -1.42322 -8.61856 0 0 0
-11.1052 -1.4192 -9.91283 0 0 0
-10.519 -1.40212 -11.2026 0 0 0
-9.93724 -1.38516 -12.4827 0 0 0
-9.22805 -1.32078 -13.7192 0 0 0
-8.51837 -1.25461 -14.9438 0 0 0
-7.70831 -1.14527 -16.0522 0 0 0
-6.8585 -1.01622 -17.0919 0 0 0
-5.91945 -0.858403 -18.1206 0 0 0
-4.859 -0.658889 -19.1139 0 0 0
-3.76438 -0.443408 -20.0742 0 0 0
-2.62719 -0.201533 -20.9492 0 0 0
-1.47075 0.0503897 -21.809 0 0 0
-0.296299 0.320866 -22.609 0 0 0
0.886425 0.596846 -23.4075 0 0 0
2.05859 0.882149 -24.1759 0 0 0
3.23213 1.16982 -24.9523 0 0 0
4.3626 1.45621 -25.7328 0 0 0
5.49129 1.74315 -26.5261 0 0 0
6.54857 2.01895 -27.3684 0 0 0
7.58902 2.29074 -28.2116 0 0 0
8.52468 2.53989 -29.1535 0 0 0
9.45023 2.78641 -30.0912 0 0 0
10.2246 2.99508 -31.1767 0 0 0
10.9931 3.2022 -32.2541 0 0 0
11.5731 3.35836 -33.5206 0 0 0
12.1421 3.51154 -34.7839 0 0 0
12.4651 3.59575 -36.1308 0 0 0
12.762 3.67267 -37.4743 0 0 0
12.8593 3.69853 -38.9105 0 0 0
12.8397 3.69444 -40.3837 0 0 0
12.6898 3.65978 -41.8143 0 0 0
12.3033 3.56958 -43.1365 0 0 0
11.8931 3.47385 -44.4598 0 0 0
11.2121 3.31509 -45.6693 0 0 0
10.5361 3.1575 -46.8698 0 0 0
9.6858 2.95993 -48.0057 0 0 0
8.79753 2.75367 -49.1138 0 0 0
7.833 2.53043 -50.1979 0 0 0
6.80952 2.29418 -51.2431 0 0 0
5.78214 2.05748 -52.2723 0 0 0
4.77388 1.8267 -53.2154 0 0 0
3.75754 1.59408 -54.1661 0 0 0
2.70744 1.3561 -55.1591 0 0 0
1.63734 1.11422 -56.1739 0 0 0
0.623412 0.887204 -57.1938 0 0 0
-0.349571 0.67165 -58.2339 0 0 0
-1.27753 0.467457 -59.2782 0 0 0
-2.07548 0.297106 -60.3731 0 0 0
-2.87348 0.126743 -61.4681 0 0 0
-3.48611 0.00643076 -62.7571 0 0 0
-4.0919 -0.1117 -64.0675 0 0 0
-4.36911 -0.147691 -65.4799 0 0 0
-4.60765 -0.173729 -66.917 0 0 0
-4.48609 -0.113066 -68.3433 0 0 0
-4.29243 -0.0347627 -69.7803 0 0 0
-3.95756 0.0940291 -71.1273 0 0 0
-3.47103 0.28438 -72.4076 0 0 0
-2.84336 0.556769 -73.627 0 0 0
-2.08778 0.893952 -74.7244 0 0 0
-1.24695 1.26511 -75.7121 0 0 0
-0.313334 1.66627 -76.607 0 0 0
0.694096 2.0821 -77.3979 0 0 0
1.80748 2.50542 -78.0679 0 0 0
2.9917 2.91556 -78.6385 0 0 0
4.22732 3.29995 -79.115 0 0 0
5.52791 3.65485 -79.5063 0 0 0
6.87381 3.95919 -79.7994 0 0 0
8.20232 4.17734 -79.9775 0 0 0
9.54255 4.33262 -80.0864 0 0 0
10.9189 4.42365 -80.1303 0 0 0
12.3122 4.41826 -80.0918 0 0 0
13.6539 4.31498 -79.9667 0 0 0
14.9753 4.09352 -79.7126 0 0 0
16.2576 3.75289 -79.3075 0 0 0
17.4128 3.32316 -78.7608 0 0 0
18.4696 2.82907 -78.0763 0 0 0
19.432 2.30532 -77.2754 0 0 0
20.315 1.77739 -76.3685 0 0 0
21.1208 1.27742 -75.3829 0 0 0
21.8643 0.826846 -74.3356 0 0 0
22.5734 0.435279 -73.2194 0 0 0
23.2474 0.124997 -72.0666 0 0 0
23.8904 -0.112386 -70.8459 0 0 0
24.512 -0.317709 -69.5919 0 0 0
25.1381 -0.524583 -68.3284 0 0 0
25.7091 -0.698086 -66.9894 0 0 0
26.2518 -0.852451 -65.5854 0 0 0
26.7844 -1.00278 -64.1931 0 0 0
27.1765 -1.0868 -62.8174 0 0 0
27.5657 -1.1702 -61.4519 0 0 0
27.8966 -1.2263 -60.0839 0 0 0
28.1584 -1.25151 -58.7347 0 0 0
28.4221 -1.27691 -57.3752 0 0 0
28.589 -1.25957 -56.0199 0 0 0
28.7454 -1.23824 -54.675 0 0 0
28.8738 -1.20455 -53.3175 0 0 0
28.9469 -1.14831 -51.9654 0 0 0
29.0205 -1.09165 -50.6031 0 0 0
29.0458 -1.01724 -49.2361 0 0 0
29.0577 -0.937129 -47.8546 0 0 0
29.0613 -0.855156 -46.4769 0 0 0
29.0338 -0.763326 -45.0644 0 0 0
29.0065 -0.67217 -43.6623 0 0 0
28.9679 -0.58034 -42.2222 0 0 0
28.9236 -0.48919 -40.7776 0 0 0
28.8793 -0.398295 -39.3177 0 0 0
28.8399 -0.318782 -37.8188 0 0 0
28.8003 -0.238669 -36.3086 0 0 0
28.7755 -0.174296 -34.8655 0 0 0
28.7648 -0.125086 -33.4962 0 0 0
28.754 -0.075504 -32.1165 0 0 0
28.7684 -0.0440871 -30.7073 0 0 0
28.8009 -0.0252808 -29.259 0 0 0
28.8332 -0.00661542 -27.8216 0 0 0
