18.7497 0.078262 6.13198 0 0 0
19.2202 0.078262 6.13569 0 0 0
19.6917 0.078262 6.13949 0 0 0
20.1658 0.078262 6.14351 0 0 0
20.6481 0.078262 6.14445 0 0 0
21.1197 0.078262 6.14309 0 0 0
21.5912 0.078262 6.1323 0 0 0
22.063 0.078262 6.11246 0 0 0
22.5449 0.078262 6.0813 0 0 0
23.0147 0.078262 6.02753 0 0 0
23.4838 0.078262 5.94374 0 0 0
23.9422 0.078262 5.82012 0 0 0
24.3863 0.078262 5.6306 0 0 0
24.7659 0.078262 5.354 0 0 0
25.0349 0.078262 4.96949 0 0 0
25.1422 0.078262 4.51202 0 0 0
25.1206 0.078262 4.03214 0 0 0
24.9702 0.078262 3.58907 0 0 0
24.6761 0.078262 3.22415 0 0 0
24.2791 0.078262 2.96908 0 0 0
23.8304 0.078262 2.78587 0 0 0
23.3719 0.078262 2.66071 0 0 0
22.9063 0.078262 2.57088 0 0 0
22.4378 0.078262 2.50343 0 0 0
21.9487 0.078262 2.46191 0 0 0
21.4732 0.078262 2.43193 0 0 0
21.0021 0.078262 2.41464 0 0 0
20.5455 0.182886 2.40363 0 0 0
20.0921 0.381685 2.3979 0 0 0
19.659 0.593714 2.39264 0 0 0
19.3159 0.946311 2.39021 0 0 0
18.9728 1.29891 2.38777 0 0 0
18.6223 1.65901 2.38528 0 0 0
18.3032 2.02731 2.38341 0 0 0
18.0215 2.41979 2.3824 0 0 0
17.7338 2.82061 2.38137 0 0 0
17.4521 3.21309 2.38036 0 0 0
17.1704 3.60556 2.37935 0 0 0
16.8967 4.00789 2.37858 0 0 0
16.6332 4.43855 2.37828 0 0 0
16.3752 4.86025 2.37798 0 0 0
16.1172 5.28194 2.37768 0 0 0
15.8592 5.70364 2.37738 0 0 0
15.5957 6.1343 2.37707 0 0 0
15.3443 6.5636 2.37698 0 0 0
15.1001 7.00227 2.37713 0 0 0
14.856 7.44095 2.37727 0 0 0
14.6067 7.88896 2.37742 0 0 0
14.3626 8.32763 2.37757 0 0 0
14.1184 8.7663 2.37771 0 0 0
13.8748 9.20472 2.37786 0 0 0
13.6481 9.63619 2.3783 0 0 0
13.4261 10.0587 2.37872 0 0 0
13.2041 10.4812 2.37915 0 0 0
12.9821 10.9036 2.37957 0 0 0
12.7554 11.3351 2.38 0 0 0
12.5334 11.7576 2.38043 0 0 0
12.3114 12.1801 2.38085 0 0 0
12.0959 12.6026 2.38147 0 0 0
11.8761 13.034 2.38211 0 0 0
11.6609 13.4565 2.38273 0 0 0
11.4457 13.879 2.38336 0 0 0
11.2305 14.3015 2.38398 0 0 0
11.0107 14.733 2.38462 0 0 0
10.7955 15.1555 2.38525 0 0 0
10.5742 15.593 2.38604 0 0 0
10.3478 16.041 2.38687 0 0 0
10.1261 16.4797 2.38768 0 0 0
9.90438 16.9184 2.38849 0 0 0
9.68268 17.3571 2.3893 0 0 0
9.45625 17.8051 2.39013 0 0 0
9.2367 18.2355 2.39099 0 0 0
9.01945 18.6572 2.3919 0 0 0
8.8022 19.0789 2.39281 0 0 0
8.58032 19.5095 2.39374 0 0 0
8.36306 19.9312 2.39465 0 0 0
8.14581 20.3529 2.39556 0 0 0
7.9208 20.7738 2.39655 0 0 0
7.68538 21.2032 2.3976 0 0 0
7.45486 21.6238 2.39864 0 0 0
7.22434 22.0443 2.39968 0 0 0
6.99382 22.4648 2.40071 0 0 0
6.72945 22.8833 2.40189 0 0 0
6.46665 23.2915 2.40306 0 0 0
6.20385 23.6998 2.40424 0 0 0
5.87599 24.0415 2.4055 0 0 0
5.49162 24.3125 2.40686 0 0 0
5.01848 24.3138 2.40843 0 0 0
4.54372 24.3177 2.41079 0 0 0
4.07092 24.3245 2.41375 0 0 0
3.58751 24.3341 2.4169 0 0 0
3.11665 24.345 2.41922 0 0 0
2.64409 24.3555 2.4201 0 0 0
2.17133 24.3644 2.41942 0 0 0
1.68985 24.3713 2.41728 0 0 0
1.21733 24.3762 2.41406 0 0 0
0.742283 24.3796 2.41001 0 0 0
0.256412 24.3811 2.39811 0 0 0
-0.216421 24.3786 2.36181 0 0 0
-0.68077 24.3684 2.28111 0 0 0
-1.13651 24.3495 2.16575 0 0 0
-1.59365 24.3206 2.01956 0 0 0
-2.03258 24.2815 1.85044 0 0 0
-2.46184 24.2294 1.65661 0 0 0
-2.87876 24.1607 1.43733 0 0 0
-3.28224 24.0664 1.18649 0 0 0
-3.65513 23.9458 0.915385 0 0 0
-3.99187 23.7892 0.620789 0 0 0
-4.27306 23.5845 0.304775 0 0 0
-4.46324 23.3037 -0.0340238 0 0 0
-4.51588 22.9372 -0.319328 0 0 0
-4.5198 22.4962 -0.509779 0 0 0
-4.52297 22.0423 -0.655452 0 0 0
-4.5256 21.5685 -0.767807 0 0 0
-4.52818 21.1045 -0.877823 0 0 0
-4.53051 20.6377 -0.975417 0 0 0
-4.53259 20.1683 -1.06004 0 0 0
-4.5347 19.6889 -1.14647 0 0 0
-4.53678 19.2195 -1.23109 0 0 0
-4.53878 18.7416 -1.31358 0 0 0
-4.54066 18.2453 -1.39201 0 0 0
-4.54257 17.7385 -1.47212 0 0 0
-4.54445 17.2422 -1.55056 0 0 0
-4.54632 16.746 -1.62899 0 0 0
-4.54801 16.2625 -1.70345 0 0 0
-4.54962 15.7768 -1.77696 0 0 0
-4.5512 15.3013 -1.84893 0 0 0
-4.55277 14.8257 -1.92091 0 0 0
-4.55438 14.34 -1.99442 0 0 0
-4.55593 13.8606 -2.06733 0 0 0
-4.55737 13.3653 -2.14404 0 0 0
-4.55881 12.8699 -2.22075 0 0 0
-4.56028 12.364 -2.2991 0 0 0
-4.56172 11.8687 -2.37581 0 0 0
-4.56316 11.3733 -2.45252 0 0 0
-4.56443 10.8823 -2.53335 0 0 0
-4.56567 10.3824 -2.61729 0 0 0
-4.56689 9.89291 -2.69947 0 0 0
-4.5681 9.40338 -2.78165 0 0 0
-4.56932 8.91388 -2.86383 0 0 0
-4.57048 8.41313 -2.95199 0 0 0
-4.57145 7.91988 -3.04717 0 0 0
-4.57242 7.42661 -3.14236 0 0 0
-4.5734 6.93334 -3.23754 0 0 0
-4.57439 6.42959 -3.33475 0 0 0
-4.57525 5.94488 -3.43404 0 0 0
-4.57583 5.48231 -3.54403 0 0 0
-4.57642 5.01974 -3.65403 0 0 0
-4.57701 4.54734 -3.76636 0 0 0
-4.57759 4.08477 -3.87635 0 0 0
-4.57785 3.62079 -4.00919 0 0 0
-4.57788 3.15587 -4.15973 0 0 0
-4.5779 2.68105 -4.31347 0 0 0
-4.57792 2.21612 -4.46402 0 0 0
-4.57698 1.78981 -4.67563 0 0 0
-4.57585 1.37046 -4.89846 0 0 0
-4.57431 0.964904 -5.14979 0 0 0
-4.57026 0.714874 -5.54854 0 0 0
-4.56586 0.586223 -5.98361 0 0 0
-4.56098 0.587664 -6.46757 0 0 0
-4.55628 0.595874 -6.94168 0 0 0
-4.55059 0.608406 -7.41752 0 0 0
-4.54299 0.629209 -7.89659 0 0 0
-4.5318 0.66167 -8.38464 0 0 0
-4.51876 0.700295 -8.86174 0 0 0
-4.49915 0.758105 -9.33126 0 0 0
-4.47825 0.81971 -9.79922 0 0 0
-4.44584 0.913178 -10.2703 0 0 0
-4.41146 1.01177 -10.7299 0 0 0
-4.3651 1.14239 -11.1823 0 0 0
-4.31181 1.29107 -11.627 0 0 0
-4.24596 1.4727 -12.0683 0 0 0
-4.16588 1.6907 -12.4847 0 0 0
-4.0775 1.93004 -12.8927 0 0 0
-3.96583 2.22776 -13.2435 0 0 0
-3.84243 2.55504 -13.577 0 0 0
-3.70397 2.91918 -13.8568 0 0 0
-3.55373 3.31108 -14.0713 0 0 0
-3.39786 3.71624 -14.2545 0 0 0
-3.27584 4.1607 -14.388 0 0 0
-3.19918 4.61068 -14.4984 0 0 0
-3.14894 5.06825 -14.599 0 0 0
-3.13023 5.53909 -14.6792 0 0 0
-3.11641 6.01875 -14.7528 0 0 0
-3.11409 6.48626 -14.8076 0 0 0
-3.11337 6.9563 -14.8524 0 0 0
-3.11529 7.43075 -14.8805 0 0 0
-3.11523 7.91819 -14.8977 0 0 0
-3.11159 8.4013 -14.894 0 0 0
-3.10351 8.88026 -14.8788 0 0 0
-3.08488 9.3594 -14.8363 0 0 0
-3.06144 9.82884 -14.785 0 0 0
-3.01786 10.2988 -14.6954 0 0 0
-2.96925 10.7648 -14.5979 0 0 0
-2.88961 11.217 -14.451 0 0 0
-2.80645 11.6567 -14.2998 0 0 0
-2.68084 12.0705 -14.0879 0 0 0
-2.54977 12.4772 -13.8691 0 0 0
-2.37036 12.8321 -13.588 0 0 0
-2.19121 13.1736 -13.3087 0 0 0
-1.96631 13.4365 -12.977 0 0 0
-1.74142 13.6994 -12.6453 0 0 0
-1.48935 13.8879 -12.2778 0 0 0
-1.23973 14.0624 -11.9144 0 0 0
-0.980357 14.1741 -11.5306 0 0 0
-0.717147 14.2612 -11.1388 0 0 0
-0.450756 14.2719 -10.7372 0 0 0
-0.190633 14.2606 -10.3437 0 0 0
0.0655683 14.1576 -9.9526 0 0 0
0.318254 14.0333 -9.5667 0 0 0
0.562655 13.839 -9.19324 0 0 0
0.794436 13.6156 -8.84063 0 0 0
1.01789 13.3555 -8.5025 0 0 0
1.22674 13.0599 -8.19149 0 0 0
1.43437 12.7442 -7.88439 0 0 0
1.62447 12.3947 -7.61355 0 0 0
1.81116 12.04 -7.35039 0 0 0
1.98352 11.6675 -7.12002 0 0 0
2.15713 11.2777 -6.89447 0 0 0
2.32217 10.8776 -6.69334 0 0 0
2.48342 10.4691 -6.51015 0 0 0
2.64483 10.0446 -6.33867 0 0 0
2.8005 9.61858 -6.19846 0 0 0
2.95541 9.18968 -6.0683 0 0 0
3.10895 8.75854 -5.95948 0 0 0
3.26614 8.31728 -5.84912 0 0 0
3.42332 7.87727 -5.74757 0 0 0
3.58049 7.43726 -5.64603 0 0 0
3.739 7.00038 -5.55198 0 0 0
3.90086 6.55436 -5.45607 0 0 0
4.06285 6.11827 -5.3664 0 0 0
4.22561 5.68233 -5.27765 0 0 0
4.3932 5.24528 -5.19092 0 0 0
4.56719 4.7984 -5.10355 0 0 0
4.74341 4.35983 -5.01897 0 0 0
4.92478 3.92033 -4.93524 0 0 0
5.11092 3.48802 -4.85329 0 0 0
5.30531 3.05288 -4.77117 0 0 0
5.50678 2.63369 -4.69146 0 0 0
5.71383 2.21814 -4.61214 0 0 0
5.9478 1.81356 -4.53166 0 0 0
6.20951 1.41604 -4.44836 0 0 0
6.50904 1.06295 -4.36456 0 0 0
6.89694 0.830928 -4.27881 0 0 0
7.35717 0.801856 -4.18162 0 0 0
7.8211 0.772714 -4.04962 0 0 0
8.26451 0.728642 -3.89228 0 0 0
8.6987 0.683549 -3.71343 0 0 0
9.12389 0.646537 -3.51527 0 0 0
9.54753 0.639668 -3.28552 0 0 0
9.95049 0.669895 -3.04188 0 0 0
10.3354 0.747109 -2.78147 0 0 0
10.7008 0.888179 -2.50056 0 0 0
11.0105 1.1141 -2.21605 0 0 0
11.2464 1.42233 -1.94538 0 0 0
11.4228 1.77922 -1.69517 0 0 0
11.5508 2.18181 -1.45982 0 0 0
11.597 2.61033 -1.27164 0 0 0
11.6353 3.04222 -1.0878 0 0 0
11.6087 3.49379 -0.943749 0 0 0
11.5791 3.95576 -0.798147 0 0 0
11.5212 4.41551 -0.670633 0 0 0
11.4436 4.8807 -0.553235 0 0 0
11.3661 5.34589 -0.435837 0 0 0
11.2716 5.81346 -0.324611 0 0 0
11.1591 6.26091 -0.227248 0 0 0
11.0466 6.70836 -0.129886 0 0 0
10.9306 7.15533 -0.0339329 0 0 0
10.7807 7.60759 0.0514322 0 0 0
10.6339 8.05043 0.13502 0 0 0
10.4871 8.49327 0.218608 0 0 0
10.3165 8.92613 0.292039 0 0 0
10.1359 9.3655 0.364284 0 0 0
9.95899 9.79572 0.435025 0 0 0
9.76494 10.2256 0.501427 0 0 0
9.55243 10.6547 0.563048 0 0 0
9.33539 11.0929 0.625982 0 0 0
9.11218 11.5183 0.684654 0 0 0
8.86615 11.9355 0.737035 0 0 0
8.62011 12.3528 0.789418 0 0 0
8.35966 12.7718 0.840173 0 0 0
8.08279 13.1653 0.883327 0 0 0
7.80591 13.5588 0.926482 0 0 0
7.5185 13.9384 0.966181 0 0 0
7.20758 14.3027 1.00098 0 0 0
6.90313 14.6595 1.03505 0 0 0
6.56919 14.9998 1.06499 0 0 0
6.20829 15.3361 1.09278 0 0 0
5.8494 15.6586 1.11902 0 0 0
5.45058 15.9337 1.13839 0 0 0
5.05175 16.2088 1.15776 0 0 0
4.60883 16.4148 1.17007 0 0 0
4.16983 16.6053 1.18103 0 0 0
3.70335 16.6978 1.18485 0 0 0
3.23123 16.7701 1.1872 0 0 0
2.74414 16.7746 1.18797 0 0 0
2.26826 16.7746 1.18967 0 0 0
1.79552 16.7746 1.19347 0 0 0
1.32097 16.7746 1.19784 0 0 0
0.832734 16.7746 1.20348 0 0 0
0.355168 16.7746 1.20907 0 0 0
-0.116498 16.7746 1.21535 0 0 0
-0.588164 16.7746 1.22162 0 0 0
-1.07501 16.7746 1.22826 0 0 0
-1.55503 16.7746 1.23491 0 0 0
-2.03493 16.7746 1.24156 0 0 0
-2.50867 16.7746 1.24792 0 0 0
-2.99249 16.7746 1.25442 0 0 0
-3.46577 16.7746 1.26055 0 0 0
-3.93824 16.7746 1.26625 0 0 0
-4.4107 16.7746 1.27196 0 0 0
-4.89565 16.7746 1.27703 0 0 0
-5.37172 16.7746 1.28163 0 0 0
-5.84845 16.7746 1.28607 0 0 0
-6.3299 16.7746 1.2889 0 0 0
-6.82159 16.7746 1.29179 0 0 0
-7.30367 16.7746 1.29267 0 0 0
-7.78622 16.7746 1.29271 0 0 0
-8.27259 16.7746 1.29044 0 0 0
-8.74303 16.7746 1.28615 0 0 0
-9.21647 16.7746 1.27742 0 0 0
-9.69002 16.7676 1.26519 0 0 0
-10.1182 16.5453 1.24059 0 0 0
-10.4313 16.2192 1.21657 0 0 0
-10.6625 15.8095 1.1926 0 0 0
-10.8609 15.3793 1.16934 0 0 0
-11.0081 14.9053 1.14676 0 0 0
-11.1523 14.4412 1.12466 0 0 0
-11.2753 13.9786 1.1038 0 0 0
-11.3754 13.5181 1.08428 0 0 0
-11.4777 13.0478 1.06435 0 0 0
-11.5779 12.5873 1.04483 0 0 0
-11.6658 12.121 1.02641 0 0 0
-11.751 11.6535 1.00824 0 0 0
-11.838 11.176 0.989688 0 0 0
-11.9232 10.7085 0.971519 0 0 0
-12.0074 10.242 0.954399 0 0 0
-12.0911 9.77602 0.937679 0 0 0
-12.1766 9.30007 0.920604 0 0 0
-12.2604 8.83402 0.903884 0 0 0
-12.3483 8.36805 0.887692 0 0 0
-12.4432 7.90218 0.872395 0 0 0
-12.5402 7.4264 0.856773 0 0 0
-12.6351 6.96053 0.841476 0 0 0
-12.7305 6.49451 0.826204 0 0 0
-12.8515 6.02752 0.812571 0 0 0
-12.975 5.55059 0.798648 0 0 0
-13.0959 5.08357 0.785014 0 0 0
-13.2169 4.61655 0.77138 0 0 0
-13.3836 4.14644 0.759868 0 0 0
-13.5503 3.68688 0.748795 0 0 0
-13.717 3.22731 0.737723 0 0 0
-13.9025 2.77722 0.727825 0 0 0
-14.1477 2.34429 0.721121 0 0 0
-14.3877 1.92038 0.714557 0 0 0
-14.6387 1.50583 0.708772 0 0 0
-14.9904 1.17527 0.710101 0 0 0
-15.3497 0.837686 0.711459 0 0 0
-15.75 0.594349 0.717795 0 0 0
-16.2155 0.467734 0.730838 0 0 0
-16.681 0.34112 0.74388 0 0 0
-17.1612 0.351673 0.771951 0 0 0
-17.6315 0.385881 0.808694 0 0 0
-18.1012 0.444134 0.860025 0 0 0
-18.5605 0.53429 0.930378 0 0 0
-19.0226 0.647237 1.01467 0 0 0
-19.4664 0.782836 1.11211 0 0 0
-19.8956 0.954527 1.23096 0 0 0
-20.3119 1.14727 1.36216 0 0 0
-20.7224 1.3658 1.50883 0 0 0
-21.0962 1.60998 1.66983 0 0 0
-21.4515 1.87204 1.84105 0 0 0
-21.7911 2.1489 2.02074 0 0 0
-22.1111 2.45635 2.21832 0 0 0
-22.4058 2.77239 2.42026 0 0 0
-22.6874 3.09884 2.62808 0 0 0
-22.9379 3.44117 2.84448 0 0 0
-23.1795 3.79645 3.06844 0 0 0
-23.3982 4.15128 3.29134 0 0 0
-23.5964 4.51997 3.50849 0 0 0
-23.7864 4.90636 3.72473 0 0 0
-23.9523 5.30357 3.92311 0 0 0
-24.1024 5.71005 4.1133 0 0 0
-24.2392 6.12434 4.2966 0 0 0
-24.3516 6.5594 4.47295 0 0 0
-24.4541 6.98859 4.64266 0 0 0
-24.5181 7.43234 4.80056 0 0 0
-24.5711 7.87714 4.95501 0 0 0
-24.5868 8.33514 5.10061 0 0 0
-24.5755 8.78647 5.23628 0 0 0
-24.5318 9.24087 5.36344 0 0 0
-24.4379 9.69178 5.47669 0 0 0
-24.3188 10.1503 5.58589 0 0 0
-24.1231 10.5728 5.66679 0 0 0
-23.9014 10.9812 5.73815 0 0 0
-23.6217 11.3578 5.78808 0 0 0
-23.2904 11.7045 5.81943 0 0 0
-22.933 12.0164 5.83583 0 0 0
-22.5359 12.2675 5.82824 0 0 0
-22.1252 12.4977 5.81242 0 0 0
-21.6775 12.6734 5.78329 0 0 0
-21.2272 12.8196 5.74914 0 0 0
-20.7575 12.8881 5.70914 0 0 0
-20.2799 12.9244 5.66674 0 0 0
-19.8085 12.8357 5.61833 0 0 0
-19.3594 12.6989 5.56941 0 0 0
-18.9273 12.4963 5.51856 0 0 0
-18.546 12.2157 5.46814 0 0 0
-18.1828 11.8995 5.41743 0 0 0
-17.8625 11.5534 5.36897 0 0 0
-17.5786 11.1784 5.32213 0 0 0
-17.3049 10.7831 5.27503 0 0 0
-17.0685 10.3692 5.23008 0 0 0
-16.8469 9.94985 5.186 0 0 0
-16.6437 9.52374 5.14298 0 0 0
-16.4541 9.07722 5.09959 0 0 0
-16.2772 8.63613 5.05737 0 0 0
-16.1152 8.19231 5.01569 0 0 0
-15.9615 7.7456 4.97367 0 0 0
-15.8136 7.28883 4.91948 0 0 0
-15.6805 6.84343 4.83798 0 0 0
-15.5536 6.39965 4.73049 0 0 0
-15.4269 5.95662 4.60131 0 0 0
-15.2943 5.51176 4.45731 0 0 0
-15.1607 5.08085 4.30902 0 0 0
-15.0195 4.65533 4.15177 0 0 0
-14.8674 4.23822 3.9881 0 0 0
-14.704 3.81652 3.81691 0 0 0
-14.5229 3.40842 3.64052 0 0 0
-14.3247 3.0123 3.46147 0 0 0
-14.1121 2.62612 3.28044 0 0 0
-13.8598 2.25721 3.09371 0 0 0
-13.5814 1.92102 2.91193 0 0 0
-13.2689 1.61418 2.73272 0 0 0
-12.911 1.34875 2.55879 0 0 0
-12.4876 1.17158 2.40521 0 0 0
-12.0544 1.06059 2.25434 0 0 0
-11.6166 0.984897 2.08577 0 0 0
-11.1815 0.931547 1.89625 0 0 0
-10.7473 0.900574 1.67945 0 0 0
-10.3325 0.885636 1.44673 0 0 0
-9.92446 0.87927 1.19999 0 0 0
-9.51762 0.883114 0.927281 0 0 0
-9.13591 0.893813 0.640564 0 0 0
-8.76433 0.907453 0.342263 0 0 0
-8.41233 0.924425 0.0237451 0 0 0
-8.06936 0.941888 -0.32339 0 0 0
-7.74648 0.958525 -0.677459 0 0 0
-7.45658 0.971151 -1.0557 0 0 0
-7.1921 0.978722 -1.44851 0 0 0
-6.94371 0.98204 -1.86221 0 0 0
-6.74866 0.971855 -2.30075 0 0 0
-6.58691 0.952693 -2.74622 0 0 0
-6.45795 0.924668 -3.19867 0 0 0
-6.40801 0.95916 -3.6767 0 0 0
-6.41965 1.06882 -4.1354 0 0 0
-6.47111 1.22534 -4.58168 0 0 0
-6.56838 1.42441 -5.00098 0 0 0
-6.6921 1.64092 -5.4127 0 0 0
-6.83219 1.86316 -5.80301 0 0 0
-6.99937 2.08996 -6.17969 0 0 0
-7.17665 2.31838 -6.55116 0 0 0
-7.38969 2.54833 -6.92491 0 0 0
-7.60672 2.7726 -7.2894 0 0 0
-7.85383 2.97435 -7.64041 0 0 0
-8.10582 3.17244 -7.98924 0 0 0
-8.40612 3.33734 -8.33955 0 0 0
-8.70813 3.48889 -8.68028 0 0 0
-9.04982 3.57738 -9.00414 0 0 0
-9.4054 3.63019 -9.31656 0 0 0
-9.79631 3.61514 -9.61417 0 0 0
-10.185 3.50964 -9.86045 0 0 0
-10.5766 3.36508 -10.0876 0 0 0
-10.9494 3.08967 -10.2356 0 0 0
-11.3128 2.8146 -10.3689 0 0 0
-11.6672 2.50717 -10.4236 0 0 0
-12.029 2.20653 -10.4542 0 0 0
-12.4239 1.92259 -10.4031 0 0 0
-12.8095 1.67707 -10.292 0 0 0
-13.1944 1.45462 -10.1375 0 0 0
-13.5638 1.29149 -9.89134 0 0 0
-13.9279 1.15247 -9.60592 0 0 0
-14.2689 1.04881 -9.28642 0 0 0
-14.5746 0.994554 -8.9229 0 0 0
-14.8637 0.960181 -8.54493 0 0 0
-15.13 0.957887 -8.13704 0 0 0
-15.364 0.984164 -7.72035 0 0 0
-15.5835 1.02502 -7.29576 0 0 0
-15.7646 1.09804 -6.86252 0 0 0
-15.9296 1.18772 -6.41808 0 0 0
-16.0686 1.29267 -5.98055 0 0 0
-16.1687 1.42729 -5.53656 0 0 0
-16.2421 1.57923 -5.09363 0 0 0
-16.2814 1.7579 -4.64496 0 0 0
-16.2736 1.98715 -4.22447 0 0 0
-16.2507 2.24463 -3.82804 0 0 0
-16.2194 2.51849 -3.44501 0 0 0
-16.171 2.82578 -3.07732 0 0 0
-16.1204 3.1315 -2.7204 0 0 0
-16.0601 3.4519 -2.3738 0 0 0
-15.9961 3.77605 -2.03099 0 0 0
-15.9238 4.11392 -1.68834 0 0 0
-15.8489 4.44657 -1.35636 0 0 0
-15.7687 4.78163 -1.02914 0 0 0
-15.6822 5.12302 -0.698046 0 0 0
-15.5929 5.4564 -0.377047 0 0 0
-15.4965 5.78905 -0.0546262 0 0 0
-15.3956 6.12105 0.268524 0 0 0
-15.2802 6.45209 0.60323 0 0 0
-15.1585 6.76888 0.936106 0 0 0
-15.0221 7.07171 1.27877 0 0 0
-14.8532 7.32567 1.64287 0 0 0
-14.6079 7.36489 2.03548 0 0 0
-14.3449 7.17343 2.37068 0 0 0
-14.0949 6.88468 2.64802 0 0 0
-13.8578 6.54322 2.87484 0 0 0
-13.6167 6.17765 3.08762 0 0 0
-13.3816 5.80581 3.28036 0 0 0
-13.1449 5.42798 3.45498 0 0 0
-12.9075 5.04765 3.62231 0 0 0
-12.6578 4.65767 3.78179 0 0 0
-12.4095 4.27483 3.93228 0 0 0
-12.1533 3.8955 4.07615 0 0 0
-11.8888 3.51981 4.21306 0 0 0
-11.6127 3.13976 4.35015 0 0 0
-11.3246 2.77857 4.47609 0 0 0
-11.0365 2.41739 4.60204 0 0 0
-10.7154 2.07945 4.71857 0 0 0
-10.3872 1.73434 4.83756 0 0 0
-10.0372 1.43439 4.94375 0 0 0
-9.68122 1.14247 5.04776 0 0 0
-9.29182 0.895671 5.14249 0 0 0
-8.8801 0.663004 5.23523 0 0 0
-8.44065 0.505332 5.31302 0 0 0
-7.9878 0.374031 5.38589 0 0 0
-7.51019 0.30105 5.44803 0 0 0
-7.03858 0.245239 5.50546 0 0 0
-6.56408 0.201005 5.55977 0 0 0
-6.0906 0.164616 5.61129 0 0 0
-5.60752 0.132783 5.66202 0 0 0
-5.12953 0.110359 5.70841 0 0 0
-4.65102 0.0898633 5.75397 0 0 0
-4.17734 0.0770925 5.79511 0 0 0
-3.69201 0.0654713 5.83626 0 0 0
-3.21303 0.0589296 5.8735 0 0 0
-2.73582 0.0540006 5.90911 0 0 0
-2.26189 0.0522297 5.94154 0 0 0
-1.77575 0.0517807 5.97287 0 0 0
-1.29671 0.0532862 6.001 0 0 0
-0.816556 0.055714 6.02688 0 0 0
-0.335192 0.0591784 6.05021 0 0 0
0.156221 0.0630681 6.07116 0 0 0
0.637187 0.0671741 6.08922 0 0 0
1.11622 0.0708719 6.10379 0 0 0
1.59399 0.0743016 6.11608 0 0 0
2.07785 0.0764473 6.12437 0 0 0
2.54964 0.0778833 6.1304 0 0 0
3.02805 0.078262 6.13344 0 0 0
3.50889 0.078262 6.13542 0 0 0
4.00268 0.078262 6.13675 0 0 0
4.48804 0.078262 6.13765 0 0 0
4.97341 0.078262 6.13845 0 0 0
5.46054 0.078262 6.13867 0 0 0
5.95842 0.078262 6.1389 0 0 0
6.44526 0.078262 6.13897 0 0 0
6.93104 0.078262 6.13876 0 0 0
7.41682 0.078262 6.13855 0 0 0
7.91318 0.078262 6.13825 0 0 0
8.40037 0.078262 6.13778 0 0 0
8.88751 0.078262 6.1373 0 0 0
9.38288 0.078262 6.13679 0 0 0
9.85726 0.078262 6.13618 0 0 0
10.3316 0.078262 6.13557 0 0 0
10.806 0.078262 6.13496 0 0 0
11.2879 0.078262 6.1343 0 0 0
11.7595 0.078262 6.13364 0 0 0
12.231 0.078262 6.13298 0 0 0
12.7062 0.078262 6.13234 0 0 0
13.1946 0.078262 6.1317 0 0 0
13.6728 0.078262 6.13107 0 0 0
14.1506 0.078262 6.1305 0 0 0
14.6295 0.078262 6.13002 0 0 0
15.1184 0.078262 6.12954 0 0 0
15.5983 0.078262 6.12918 0 0 0
16.0811 0.078262 6.12899 0 0 0
16.564 0.078262 6.1288 0 0 0
17.0573 0.078262 6.129 0 0 0
17.5407 0.078262 6.12934 0 0 0
18.0193 0.078262 6.13004 0 0 0
18.4903 0.078262 6.13129 0 0 0
